5000 10000000000000
6552804554206
8346308782909
8082950097592
1011079060276
8265967206433
287502566462
2655040698942
17179869184
6916641170715
3823245890328
6815384050016
9926437890625
252914055799
5127778106781
6131066257801
2015993900449
5695727828916
8413313575225
9079943737405
8658303662557
5802509651884
10460353203
5754290057436
6157367457782
660868996912
31381059609
6434854604722
10460353203
2044511283741
7061365585020
1317325433989
4902294958429
9948826238976
3262824551208
2443890087836
2003828531203
6959545085277
1438300142522
4596511915457
4108247961605
2779770565775
8398077710226
8769801294375
9700528462576
10460353203
6417378722293
1473653253374
8562792571545
654311581953
3737448295889
9974065511237
4913957818997
6439452983695
7703806774660
722762481564
6459993299948
44254680908
466090697326
2366637927197
6001422181643
5161172001471
484172840042
31381059609
3570467226624
4960897210628
9891030498694
9705730114858
678223072849
5432937565921
4052188365129
4747561509943
51291307674
142195491341
8460126862751
7979975479232
2160538103300
9948826238976
1750699490986
423826911880
6716811240351
3005450844001
4332283461273
4713571321755
7158785738452
6688818179948
8589934592
4398046511104
2845386515211
219918023917
2397216203893
1101914620292
7947554818519
9870447082886
2352996048766
2556475801567
6005407072880
7633125728136
9841464191754
5218300043801
3435234768450
1961168535049
8407699818190
4490634184441
8946515853950
6273148839345
4189566741900
6408147894366
9168522746980
3370697909477
1099511627776
4010216665716
8414822838776
3150622187711
3984469002311
6354347812790
7893628535118
7305242683262
3729043485682
1874812146431
1571881318785
4481633307763
3358065366877
1703095937607
78364164096
2992368596888
8516516096154
8228546038204
180078584048
8505389982060
3366836559472
689482984017
4581695055557
1735211304452
9293822065239
3990140395549
7033491644012
4392540280444
5182522253591
7658776863842
4344882900798
5334637284529
8701183398984
4337995169430
6818032978357
2158584110592
9964197193811
5726343754226
5294667786318
9504734336031
2505814913954
5369241173136
3074791291649
2185633190137
4556996738671
6405446352489
8550986578849
31381059609
9948826238976
1310805587084
5257670660754
5285916254562
9381686646717
1130376392547
5420487227952
8356967318877
8372204135883
4572222712177
7493929153821
6160969700786
8275034795834
694061768165
7370855072415
9466551883602
6867465026528
8998452922221
1888026771183
7534277092924
9815358107105
3072774266375
5456140712731
8768874163385
3443135422255
1579742879942
7106515030163
7355127462603
2346126096754
7484685368418
8550986578849
5003527094854
2594024596940
1821550852377
9298765528560
1467294936409
5129528801421
9294114390625
5737787434117
3752286958494
9562419078822
8977057330607
676522081692
4997928394737
2827371353221
7372662244740
1876855990163
4194304
3819375274087
1293369364166
4789210818688
8152383533279
8911755976432
6409551289146
6477343033234
78364164096
4276171529157
229452278763
5498656241048
8766992176696
342965960976
3269649732862
4285763923316
9993716528656
4331472976893
3659018859264
549755813888
6379700966794
7424350363951
6503522663030
5097882253323
492886154413
7667066904753
7145010671590
3471096217063
69465079830
8663533937683
9602947329625
2435208291656
4120413373068
2541865828329
9094349817890
9020417343455
9750664769102
9561763627883
3792905927964
3570467226624
9500177374009
1535460958015
2315814859960
31381059609
1774647218337
3220774602746
4195615971031
2417555642546
4763664085553
4072978193489
9273563551115
8558596160007
8012986526445
34359738368
8021068481375
9506863880769
8603476146676
3117642846497
5322256575241
8738013703585
4799176133321
9154679698166
9668239926398
2210969642755
4747561509943
7848236186974
3044164629734
4672059543190
8589934592
9993716528656
2075868278528
4901838379552
6467168395450
8699608851845
9493100321625
7695799243591
1559307178495
4286124259657
1733498273678
2276769433670
3244703588016
5332203280305
2065859671173
6470666354214
1860538404259
3570467226624
2384302809263
6565278011408
6739921154475
597256968700
893343971521
5850793221377
1726898251191
966736522435
1573428336290
8933621053637
322283777530
1367804652493
4350616090987
2514512166730
149722045896
2225281758414
1355505964054
5228801533876
1002210720802
6607980196344
2227234393360
8572882561501
9294114390625
2643530385686
1141611670790
8715839354201
943914283578
9233423767470
2460333544999
7153830275021
6334761055129
3546784110298
1033732328672
5263819076622
2520186089239
9064846065154
3401819663900
824338551804
1271253339995
4325838239028
5050112752336
5446255661860
4194304
9462249843406
7787415952896
7562645769892
8827774452217
3565537365870
2633010105866
856072903801
6423237472243
2501635547712
7450561733701
9926437890625
7150800318488
2666206827540
6014799960192
5686264073845
4398046511104
3614796049268
2237967500128
4905965074229
1644854772604
4966622283924
2110470090577
10460353203
6628977489244
105800298837
9274528850636
8440646434194
4881650752255
892994474864
5902470087882
7491047797630
5002326217136
9248700219560
528461846660
4129662615136
3040358619507
9685390482496
1914989289711
6131115300142
5092523682654
9904087349776
6301371142919
2346357249298
2142942654487
9549065215764
853615515439
723667215933
9941819702461
7340685866548
2718036485286
4950931755498
1790795782665
3381631920180
9089981378730
3197563104289
2389681990870
1099511627776
67108864
1850605785038
255442240535
3908472126229
677344272681
8184779870838
3615906451058
8862834904449
8143196460315
8334904218185
5663777609970
6243269407834
679213865306
3741449079628
6998368427923
4231365594914
1881682581295
179382315080
1029510212144
6821093204475
5644935737434
8278878691690
2898905367245
1746207692313
6474583201654
788553036747
9993716528656
8520086280439
1840801844596
8550986578849
8695735712057
3142917184589
6290001053578
3602109556346
6418495143795
8864761464525
9816197450638
2541865828329
1289022390231
9076369822554
8870637885028
6011068345595
4367461279276
2049448201709
4520672120778
5540341327900
1576795038515
9312337764954
4553972621674
487285155610
6276288380681
874648346428
2931390501944
5831318882009
9676717979429
8085765918281
369568217999
845364508782
2192916664966
7420062988262
4120105935426
6720623598948
5604738554248
9926437890625
5176107062361
8087084935497
7791172656401
4009570645937
1951537123431
9709890096602
3540787725641
6834927460377
1099511627776
995708705558
2452505788918
323237193364
545120532171
561264208970
889869470176
292789118121
5457013812486
3168710457752
8903008457307
7731336261936
1814633546158
5676378035457
1264308992000
6076290598695
356472151491
9993716528656
4938952878154
3406722125200
9384714145717
8561055647446
2364917605221
4816872482816
1124595134714
31381059609
9427217138755
4751944448793
9878792538776
9022602286012
6834811852046
7058967083375
2596075425029
9904087349776
5586621757528
8739357745956
491090645920
4995180383091
8867728493832
5864920714198
3123073058299
9466957322775
34359738368
6055150796185
3570846083212
3674659864929
7789641753161
8870562865696
6187677087161
5696118224515
6408302120113
9858336511907
2882327645589
7557112856473
67108864
1283494942652
7374676312469
78364164096
7565934305889
7919134855979
6497028398968
7690958750243
4772811003516
4923792344338
7198813040051
7620619697657
1768202779359
5890245365597
3205126405860
5643977140923
428167398491
1863951985459
8593838349270
8181525220477
8158326582141
7816483482681
5383607284167
8589934592
6957217800660
4366926205513
8243547348033
678223072849
6185753936625
2165000760755
5915511021476
2016801813058
8149791336080
3467506783418
2015993900449
9904087349776
947238708841
942937695841
85757642134
5196457641113
67108864
6845753874655
2990300366602
1275350627359
1951014786099
9221409134443
6515414652254
134753727725
9866407054566
9294114390625
9676912260914
5226574137997
5842215882346
1350049252912
7347637646242
6218887323410
8501179176632
496810795812
3704954061786
6867728048440
4869660691670
4585717261391
4570038338756
5202633718290
934262433931
4664749727031
5994037011782
5345738801389
7807573070848
6934055650512
8417242845337
3250074712314
4230148424663
1844428164
835371529024
5931958722208
7131246307013
3087048649056
9212554180366
8312943009508
9948826238976
9808703409776
1942982999798
860915697378
1372285149241
2500271425756
149134362413
8198418170944
67108864
7798011565807
5746879344411
26437655377
2237677053204
2070964831619
1099511627776
7334274269203
9818886359881
4194304
6383892349953
3183184886265
9203497868098
9618706380531
4317574272987
7792213105021
9148985243724
7771117365156
6837242134879
7289845089432
7385286561291
6451887868884
6125297330450
8220689559651
3600500068132
1233972617444
7618177093688
624748261122
1054733500620
8198418170944
4274772058463
1387827036091
2501272011805
5237864301762
4136399019908
6815691814408
4522116093121
954545400623
7222584813786
2939821903122
3719377965122
6215900051502
4700250441180
2470269282873
3235454415425
9685390482496
7419089457333
6920341019023
4799211737071
4140258019275
3832143534389
5035257693766
2519402245049
4736170569999
1882786465975
7224835092601
98409145127
67108864
5360839025783
8916100448256
9685390482496
3268540341108
9014905343297
1187057661221
6131066257801
3570467226624
6002422217271
6247176566841
5722633310163
8706308655822
4301323454384
2794627006181
9685390482496
678223072849
6556327080053
999398473022
7429837421775
6350365674130
972991898023
6664369782832
4563410029703
1796751364545
389372008394
9746600027125
3081262956395
4754240733581
9991138781918
7883312634787
9058418870363
4602057576025
5853394658830
5195919965151
7363596422307
8515263016379
6402001865364
7247568258330
7103597225110
9800345863688
678223072849
5385591226977
3082652738291
2451088076992
4983445480994
380325471196
2085574946140
9352608668104
8042252117135
4801468946371
6160331644059
4382028619084
4181108129853
8432521649973
6875370580853
1833741343573
3055589557651
2532563676058
4397576253474
8622123940422
6006122148400
6776688391000
4430765753423
9890962610646
2348408222053
5565418740721
4806176789908
455546439805
5378490505292
8589934592
9948826238976
207020989389
6859960697946
4643471476761
4695239628796
2173174797120
948558539122
9045185985664
1349221575107
3268227830037
8281753222371
6556902151160
4546110799428
3075338708714
4045404404998
1953513927690
8137183908723
5522895622695
1653936810473
726832246208
5737187974195
8550986578849
9273735554310
4910894768917
3323419169249
8596369175884
7749179876895
3295574170568
2384738782561
5051030331574
1305641778491
2655068022418
7173376488733
545123953147
4180476098562
8731995404806
5469039914270
4669408110005
9971252437441
6121716764906
3798448349640
7966804533889
2316965574761
4398046511104
7816664566212
8059250712394
2288043205639
17179869184
3861300441886
2509507417200
4256652603058
332650665279
880481181426
118572374434
6131066257801
7927547583835
9854972761150
1863049557043
682375185626
8609699992637
5821434011314
9075280594761
2665676831022
8106573287780
549755813888
5207017830097
345296537155
4417737770391
2236838592201
3386663672160
9583777019914
2580826473140
3864229912667
6291285264857
7634395842124
6806948377379
2218209845120
2486853925486
4593183783702
7161079360751
6780043594317
2986249068769
6868303485623
7872160211422
4443261010232
5038052109520
31381059609
3131371751637
1427867176835
2390836569820
2540981622009
2541865828329
6892029401855
7123407643679
4289255268805
9025036367333
5615869820423
9219104893870
7779026829033
4233117262172
904296897567
142271483291
3409701929899
1517108538048
10460353203
2664229235008
7008260519990
6814936185399
8213072426089
2242627180209
1550876920936
6795249869566
1009684854988
3480304612859
5210062644304
3124925327732
6564796112685
3797311649309
1226336876574
4294365605759
5576331691589
6498137428097
9857197712487
4167483959393
4356171528533
1119744186461
6147106604081
3744974938271
7548920133442
1858353645694
6889292982656
4842244659058
3786491102810
6894228377585
1144377170905
2983369359319
31381059609
1958184926138
317313726689
450864485250
5537991947077
6545500620725
5025790491384
3570467226624
3434441222471
9121680508305
1904139791710
7324725244863
3323826666630
8209297481352
9295388350819
7273835838599
5704335750938
2541865828329
5690738553142
2302449946891
6952917607992
4152907865999
1342504962496
9666928389735
1745821780761
3994794455949
6890032302325
1639389630810
4051867040523
5605999176786
1120590158168
6027054135193
848268773879
752516640738
7551275417554
1500000585120
7897034889587
2437209219825
4419918501073
6148291362528
9533150537854
3434221506625
4194304
8055321864844
6499405893448
5748492792939
5273161715935
2015993900449
8082050190815
4117190477560
8559100637435
6557604315797
8747937627249
457969527601
6285487138441
8348112965983
9676220179029
6833975394320
5453431216977
9129961782639
1099511627776
945063578772
1121974660124
9749345554903
8144779010185
3696252670781
4709119528058
8140494266846
4398046511104
5277474530154
131494946767
4251252628782
1951668684201
4902819477671
3790433636525
6847649973887
6229670674008
9685094298102
969776357470
1081327668993
4614034543643
4388199423588
5064783814880
4458853279854
5096970102507
4832155300083
6194723665357
1828359443344
2541865828329
4169230452051
8006824927875
5356069856358
7611522640288
1396881619162
2288270092448
9685390482496
8916100448256
6186356892359
4014804073683
635736524105
8136913622297
6064330219856
9650574368313
7725225874102
1107082394205
8858675286873
6885571167556
9432576216350
6802462585439
1005319936420
6457313112597
572136770083
724832125733
6630255078073
5956076951044
3523269183014
4630732400807
7743704393168
1595119988785
6348700500320
1465191687951
7431266254732
9293975156895
5963636380834
8324292981846
6840420357384
142566415805
8302623160652
5005273767688
5274658193011
4620820497511
2290366077947
3283609150390
7422317872906
9117985158578
9926437890625
8685987796234
2164931727180
4360248018706
5458899483148
8471617982768
8987297567646
9227850362772
9510034412394
5214291000411
8650488863952
7886324312670
6015114033275
3664856662351
1837724672798
8589934592
3901399621280
1952659136736
706823862181
7918864706234
527198743717
3848876802136
2992311092360
7673396236967
1407258274349
7644017403483
6120126276411
2696050933197
304024159702
6810811693243
9813748151291
7427087406499
9418334761939
78364164096
5189560305323
3835698633513
3384276328964
8680037376328
421153151551
3322176536747
6158118948197
549755813888
1577561798083
4906066115761
7712397876600
9490389887208
7454932962868
5609340812622
9401806429461
4888472869469
3568561494303
4028499665774
8239600876876
669744071808
2986587213092
3433016049060
5535298610273
2407763600325
427866303860
9291962559182
549755813888
2039224634362
3539055444789
6600665543418
7173769186469
501272933350
1291273500814
8367432078743
3441557173983
549755813888
3800730092068
4950513420341
486128376047
9836210528674
2728133129751
2626547213421
3945465851075
8607650443305
2359201195423
3963375688638
5396486419465
1807862502634
171377285039
3645174330906
5636441418205
6527820473322
166569810049
3968869888829
1276824495226
8601068277271
6639716397777
6055843129984
2993677722611
6714313409211
4240903663147
4700093630041
7890936509130
9948826238976
1401813277801
5007180896308
4713076161325
6879067013909
2612439458183
5640772007964
2301377584218
424342069074
5062334299482
1813498721951
8192674416386
9488454886952
1069621187045
7263509348590
7172670508448
8891697158871
8550986578849
6131066257801
78364164096
9151821545937
8543862774518
1344590446144
10460353203
5639984126716
7668226527346
5910504681338
4501691019123
6554576255646
5650567512395
8067297717074
9729474263147
2604433825404
6861242171535
4952936611569
4168846241453
8550986578849
7341090299136
1259050278010
346701336290
5005199777460
9498862245369
2180100322121
1782808753743
219020591833
638327630708
4391957064201
220661354309
6842732388100
2381771443664
6443961502822
4730819369184
2511966735546
7134044247175
5915086910889
7741440983968
438382766124
8329439910067
682253797696
2727930115291
9854172451871
1838005648883
462048242814
6452053566839
8724204914103
8080528795479
9926437890625
7332531545247
1725273418635
9530521033690
8833519676118
224657139808
7899571876775
3143358366454
4012386793729
4673252063537
7522732187509
8665145251259
8538324098660
3625890288635
5739097470260
2109309825932
849425033525
5348799031323
917259921853
2652923415403
89150017290
7324644019919
6292107700493
5872682446919
357352534463
7154284841093
2881991121307
3701973451654
5258962991187
5994839397619
8959962082051
5713728940573
9294114390625
9982053139081
1876692719590
7634429746828
9148447819323
2208805361545
9148180385102
2818355524612
7644410337881
8017829502106
1760742543573
2276601516034
982293802128
1613682629685
4112783084694
6965918478228
6375821771419
6630512563125
4592459509515
9707114851568
2477088484129
8985093861679
2083392298100
2359348977353
8964881278704
8516516984408
6131066257801
861912289511
5806308699920
3296499050183
156468858262
3456867252881
278015547492
8147553019604
9685390482496
3761093094072
2687042737074
4093363322813
9247077405533
9243410396950
67108864
4803824664128
1738913008273
290244274776
6657753982723
8320637475622
2645508303060
9993716528656
9103086658804
9788580853832
4058966647185
6190173759430
3570467226624
3511868722917
2985197769382
2671115154358
7061932816765
9971252437441
8550986578849
634257659553
9440662780925
3776862998006
5345531502491
2489615484355
7508378645359
3908603944272
7050283058339
9261913911020
1393255244616
1595472307496
6111816983867
799845061031
1947024772214
7526060264686
4194304
2857333922865
9463303119735
3570467226624
7194051026337
8289028198979
5917214750504
5867471483363
9993716528656
552707244215
9526072783469
4922175200754
2189615186392
581085891328
1798884247438
4536419249036
9968001581724
2520666414514
9280391772417
9463231104541
4194304
1864275627101
8198418170944
2134313381755
67108864
9734196923124
6169400397702
9774507720539
6504407956415
6692523561665
9437012329427
34359738368
4961191403370
1975986942062
2875665797908
3291635611701
3570467226624
2476993823026
9006082153248
5597088978731
4319640933276
2647644898169
4599673913351
801225503410
2329924021461
5229806883764
1833051409631
8342520221472
1912388038158
9099885519761
8332777332485
3238217114097
1425949498216
4601766301149
6131066257801
1503774878265
3755911322131
7984163321176
544907100589
8656065201768
2675955959557
2110991186935
6301128949539
661443891659
1465657309393
925893150730
1310948139471
4530347411049
2086983429248
6128676318301
3094751637818
8286948494577
8984626433943
3545630066517
8503734273730
8350182236456
2508436783724
6637463096121
814027182101
7164168669693
8077488532523
9971252437441
5872506110067
8512562398266
7035669919069
5862579527730
6439703495120
9871331039132
9230402750423
6111577888882
2807615911817
5303633864679
9583977166917
2210539439163
4775123049131
4343920842077
41818703205
7127981036823
6131066257801
9998750556888
7239879058812
4747561509943
4498958950741
6639059961229
4393605706908
5455932093489
4362934325750
8138091761745
4011826308124
1876681425650
961002158829
5650801725563
2266379111374
7083758335983
6590536436387
7904876346732
609215088179
3697906877
8984668468884
123502095104
4977338078583
7540162946495
8531851106303
8020915051886
8520309047734
2803173673688
292552120317
5640551758857
6003265276836
6796266907713
438586028329
6615089583435
10676937119
4194304
6408916920208
8400572691069
1260546875325
4529226563894
5886563433679
7082450297040
3970594587239
2305349888224
8954633230546
3953896174648
690965795539
4068505102105
9731092001837
1788272543499
5249750179278
9076077009740
1202532779215
2588970816676
5742604721595
8198418170944
7094812307024
2636873004892
3494209188360
6865060157798
3464608814021
6580419421815
6731019077494
9621833582016
9299953091901
4187271269812
5732542695271
9948826238976
1244674123553
9395646890654
67108864
7351467052043
1323149678770
5274197890835
9113051053489
4967064455214
1948409495933
6008982460008
3074203217663
4370527318242
4736465750258
6272702704290
3950243163728
4853229005587
9993716528656
7978325788353
2208055440762
9926437890625
481543519870
8884046156480
3005442345780
829529811026
8322419906400
4605336185019
5317849212526
7396006276585
16035580716
2698971708421
6641810702933
8841384205903
5094117584858
7674925322830
1919425115717
2245637307163
8815424894691
9150794699118
5458832873857
2445510404651
9294114390625
4620241889005
17179869184
4515135489784
633204525982
3622968687002
7416464938065
6980752995337
8625677312257
3228083780657
5075606524574
1557022352924
8712542235619
229563189269
1740957441034
3842501381128
2236890931657
8916100448256
303453865425
360259811683
3497560505009
7162746057247
9520982743694
34359738368
5260876058618
5794841176276
449467256756
4398046511104
4006904717338
8198418170944
9685390482496
5364242253614
3253395449788
6141853906352
2432606390772
5705037825840
7381011446448
3810550848776
3899298395520
9922518612986
8550986578849
5228707189983
1465950041294
9926437890625
9043740375767
8430401579890
9025687063961
3570467226624
2182404490956
4537371265874
6016452249454
882315440565
3221574878423
7616170087766
768559461540
989946796713
9132848276012
8789418002138
8379907517056
9926437890625
369963281272
3724715688191
2922908881363
9923805248549
4493366532980
78364164096
9885668334140
9442003616463
8744218320797
8697693549846
2186967981524
560173244348
8554969293434
4013513928964
6131066257801
9612343859323
946301701610
564548601014
5195290489466
8557302198085
9778866751070
8005725585271
9948826238976
1614143804863
3549805583862
4274079135635
7103773965809
3222370968560
4506001820537
3735037574279
3425876012964
1164231883057
6482051716159
874653748515
473941414983
5896263778891
4896836944103
8198418170944
8991062350626
421517934156
2814157134224
2798095309534
9760340836563
9127915627948
3952806049426
5682976366165
549755813888
9477389999130
1375217406566
10460353203
9034139374584
4568067926009
6433444484413
9685390482496
404700542667
3784597296187
9949284012723
1472497872807
3221167606621
6373075361464
7864631721159
80488052950
1549451745617
3396126617629
9800928094322
5347905312998
8344411463314
4206268553301
514582448247
7308257153048
4233077362183
637772160503
445842470557
4624107418826
4831767285273
211615969905
9352003733167
6065571230409
5580642504086
7248171929409
8913707362772
6532755883503
5557380972126
9876855236736
2583885255224
4168163014325
3556753848676
7044583861034
4131155924340
9497337322162
1891571607379
1041939963602
6435483013885
34359738368
3246362953984
9895491317796
4028793593611
1928289792194
8195229156948
8903053674654
6171977097071
9993716528656
457943563430
3479350626346
8685188991291
1843083196521
3962448099576
6370780895961
6177735350186
2066133564828
3570467226624
5378697458737
8550986578849
1497092476132
1445254085411
863423327662
8124079080997
4290231135838
8062619159068
662677115520
4229943395490
4673376010524
8623784303800
5796992217945
4815450121919
326154593015
8617680988856
847474933209
2533459035035
8916305546081
6138756091922
7672037423194
8523115172358
1058662036672
67108864
5728578715387
6777406532503
5295341358250
5405681215368
8690536819631
7394236719272
2782103455174
2015993900449
348614161335
1469967994384
9294114390625
3805410201003
3707310273478
5565725579088
7542978780528
3178262497313
1613171296961
5070084124089
5499680808249
2925778250788
3497763348821
8597992472410
662186709401
8015763474341
7312071597743
7450543922298
6524731866734
1461249580602
8101981172813
2315765124964
9285384477152
8319467409925
6020663269025
2658978840971
5559891097714
1002104337120
2260627803643
9526270615697
1114020891581
5786109230170
4747561509943
3385452095255
7848190642877
3145905708919
4780172175065
8798161730407
9712215768445
7860811399510
8896788383499
6935753130786
1426095539148
7958522268222
1852863959336
5533574114558
7430002592193
5235204753239
4153860831393
2941649124881
3497857651480
4311357753385
7751262551833
6269202659428
166839794152
831607589248
2350242011684
422780398498
3374762666353
9294114390625
7752696664730
3187368065894
2853280739733
8056792531590
4480284400382
864520439502
9971252437441
5147727406755
7014970773148
4805767229313
513096153904
7157164563534
4797088922031
8621515392897
5902920812324
1850313665403
1420482531060
9934009331417
8044406182010
4508715745395
2522444378052
9993716528656
491815999620
9904087349776
9710794855045
9904087349776
434406355948
2489232154379
5308906104916
7776923011804
9000038296053
862777507127
7376670079203
7515751441414
9525369291221
9294114390625
9036470408835
4498600867330
5564920573892
6178858955289
3303794785858
6131066257801
7320639071616
1261837628141
984290471829
8753689117064
844046377912
4767419253
4398046511104
4412731415354
7540804328386
7089781270742
4013286852439
4144555044071
73721500740
1522168657154
8562143720537
615105720488
9612812800570
9685390482496
1856055654228
900329832632
3007543654361
2415363795839
1490414873348
5281953806539
7645986528298
3784989462570
2584309168475
6528403546807
6312143107581
7528039588676
2145608196399
9006152330089
5639634010526
17179869184
9926437890625
9948826238976
2541865828329
8350268497058
9707179352242
2821835762414
4070708999331
9477250929564
8783103103493
2294682172292
1806808508699
9872872134633
4298191605483
256438047846
8102432687436
7064870491076
8291008931140
6425201377055
1466669371466
1530772228712
4464299493314
6005817850387
5847587254742
7669024489438
528157531487
315421378999
9883394536061
5605007947061
8311208295550
6290604223808
252173265761
2487815293289
9926437890625
3006319844853
7394558477511
67108864
2005831289740
3242088331168
4546696689608
8885928847431
2496345449114
9904087349776
8433839563249
9817699551211
10460353203
805070290971
9915851838450
9926437890625
6131066257801
9363284101251
8073955240273
8550986578849
3690663090326
1294392536187
5442466904995
10460353203
4305270077474
4433007808450
7611945706872
6471988508798
9065240978402
3518645283043
8394323752031
7911675645128
9904087349776
4311240346027
9262394187441
9903647573262
3064468595959
6689337409710
618501255884
8492886461784
831673881329
7935746044525
5561745331098
3126157113636
9448098170189
1609603264788
8550986578849
3557987697794
255260415324
4628402460968
611580006511
34359738368
302638338120
9178313367686
1544861354123
7765990644026
348810409032
7383604092532
8925838101881
586279796597
1163806888032
6783829564638
3873612803146
6520168962097
5856256637790
1327337845556
9291458682937
4827904391606
3737388614822
7088947781644
2621917383826
440452847754
8045838916534
8589934592
9149855547760
5012264658733
5192767975173
6052461774688
1397804511942
8728849407852
6374418964478
9552242666438
834455968315
223736644612
5112110703312
5848351962179
6504951526138
8294813951942
6896305049606
8974574757537
2261101793892
2993138309832
678223072849
456303035708
5420038664797
6953168154927
6723530855192
8550986578849
8513681893383
7352064258682
2858363918488
3822891939775
7619315753801
2888604341748
9477171154378
8353599336352
4109714467603
34359738368
9337469971313
4817792658529
8431088505878
7484023632862
6608904135035
8916100448256
310121811470
5444845761053
9808957398298
7366978070386
7704081809673
822775046691
2073848151761
17179869184
162087630697
882500429479
9971252437441
4694424675621
8675821281420
2559556923786
159200342974
8658791141635
5504908912913
11769912285
1850899121585
3376545611324
7491316760614
678223072849
8883189803514
2313361927402
3208778646857
4747561509943
5169756627535
7483296080457
4352015338010
6780617796238
198778722974
9935279488547
8645527120073
9898701773837
3751643663414
9453772398472
9473870045684
5243464609294
490493597291
1364932395353
4291311279479
4332885106556
2424131978219
2503720101872
4747561509943
5199387372983
8591111355872
8457318993678
1728569917684
7206293396656
8692789162013
2802086059022
9685390482496
50732536367
5090367319811
6766532112779
7008494881640
7238116918299
5928813174151
7048106011630
1539066783821
9047081699752
6422938298421
3348488196821
8132012953947
9285285085812
5216967164048
7091921025738
8589934592
5448850459703
1541476046145
78364164096
4194304
9904087349776
1084841606531
8234174322712
6069529555102
1107153507801
5704565285349
678223072849
7826354454976
2724216618236
8915129979034
8698464475886
5599404841902
8971550942863
4955048203689
5846476086845
1594220369079
8978240874050
1991295373866
9001360918237
8530791898442
8338147456275
8477152768142
8829160052389
8343012612518
5661257269955
76210224844
4047083957799
6537356217252
9898806478731
6771484735088
861862139585
8066610314311
9971252437441
6343852592080
4390644814101
9607948021486
4799479434289
2114234030353
9267983610239
3337443397759
9815938797893
3407857781175
9000892778972
7627793225070
7848417144907
9788660556090
7855399190370
5510090926875
791847661933
678223072849
9838150337819
6275668920179
1394287491261
502556586941
1358316549841
8708685342961
9083877898862
2288316885151
8258001503794
2027819682951
401670730800
2730939603644
1384407724146
2442912795837
6465428763812
8966833297568
8916100448256
2977264115934
720490413035
3440138842877
5176354605158
8198418170944
6534653995540
1542251065364
6680492844877
6340190867253
5619222936099
613688170388
5787190143734
172039084348
4853941043002
6241257047136
549755813888
5403434806426
4160494637980
3553775257073
5589130326463
6752662983371
34359738368
9099499975828
3877614326657
6350289182521
5496188927591
3253257424225
2749993542733
8006084642855
3393111455017
8383488938795
9146750335233
5588602380533
10460353203
6712574335261
8475518829268
314808124474
4869396616580
5755276240067
9338677259246
1232802998736
2220336201375
1392047013851
7037580209484
3943738531398
16487151825
357503639649
9038385389808
9993716528656
2576828487028
9823342287638
3760192928114
816683300120
4398046511104
502880095353
3574732809549
2994844016155
1430950409579
10466652433
8047614251538
4811873228912
2629323083712
1469687981389
3209395202484
2514021067432
1114381665371
1430475032135
8176214694933
2262947617235
1319907406031
3638621099214
5491965656361
4829641255768
2764040967220
135907292823
4377652530266
6605242673205
1480928361304
5247931989001
9932068668338
3263351306573
9871409791291
935568093640
9926437890625
549755813888
5349318717602
845668514012
1541057155561
7748642555926
6520968336176
9685390482496
7981501532714
3572461698386
2541865828329
4719880730133
9984005263285
1009253168036
5324611630323
9670644425236
4679823754055
7399209757444
5365041182965
2845308116137
6614342695033
2563590355991
10460353203
7376817601587
282750949259
7207980833504
9902567816308
1500429937876
4027651350696
4747561509943
4398046511104
9439375698738
9685390482496
5265860197210
2759421419621
8153851603550
1461807133089
5071204233380
17179869184
3361860327446
4194304
4400006508064
6382008759665
7106924378523
8201533982016
2938030247695
4726916425503
9993716528656
8026537203710
3834503535041
6620995661257
8959269299720
4541746842042
1711040107452
9993716528656
2494350052446
637722511779
4747561509943
4194304
7918175021945
5123865769005
78364164096
2563903999245
865433542325
8519715907939
10460353203
7241901412527
7555709876623
565853370561
4865679666490
7147238212135
1245987590565
4294503884791
5872998799620
7262188949538
6131066257801
4271567265598
3994592603823
9290836086622
1443314216682
1989165934468
5492162271677
2751623189537
6754300655072
4737990630323
8941874570850
6298888243099
6131066257801
6909852584144
2881112974458
7645800254915
2662838887792
8127764332720
6958467048345
5024668203999
5923822938738
7828960642924
6647426848389
6646847794802
1908625022146
4951184176296
5883553855238
22018763968
6079296726009
78364164096
2363642201753
2859817833086
1934253124891
4691337437878
6829764143811
5155010244891
3954318191517
2480022215286
7696714442040
2541865828329
9501698635762
8670300638375
1868462177297
7632795347621
135449420655
3830820121671
5073943591056
6963164441146
8227993947741
14000577207
8054838935462
7618347324544
446156506222
8403139832962
549755813888
4448213463801
5338767533765
4194304
6135188731599
78364164096
4203928034867
655204877716
7928803091710
817727678550
4891461758320
1649783413761
5764065827735
1197106622821
6266704255701
260420873961
6448402984019
4050943709929
3727807356946
3725906828610
8550986578849
678223072849
8931307376180
1469203467123
6126091956295
8585417851529
8651463632404
8608540565837
2430486592861
200007279161
1801070519514
8455542958581
8929672177264
6401778560992
7570393288546
931608362684
8550986578849
8755530191820
4541353248785
2764604105786
1272731846103
4772722557200
1926220076640
3948749764436
678223072849
8537159125107
79642905744
2015993900449
3696863918578
6293184578907
4710353706187
4527137957424
1850016624272
6860333421084
3675109971381
1665035015513
8427955322452
2541865828329
5506738996052
8198418170944
2045182123707
2661435470846
3677650197461
7147674501100
3631769750694
4793190923920
3755065082068
9368765623405
5318791565358
2405372235688
1578349913732
7734157526299
460456616412
3570467226624
9904087349776
9685390482496
6256570413427
9623870684614
1932594314350
2374943586530
7210637238947
2032491242903
6168231526033
1128722090480
7478936075400
3930199934438
9633286056727
6450489363541
34359738368
4188110577835
3609732677926
1750860401028
8368985804970
1980268106415
4630958143997
4899040387073
2260793973014
6195545336429
3171415458023
7549392675841
2519467590482
4583722462090
3264851732162
5599401969086
9664980217860
34359738368
2220057623239
8092842632832
5196171084673
7092371055093
7377444142611
6725418858142
2971061490916
329017623245
9926003092096
3596627213860
2516364683908
6744555843368
8846368697580
4146302905574
6599917896176
4225131331466
8799016879805
1408222242443
878349697164
9811942792892
3292456663240
8694766888128
6865933788553
9289798689451
8102024318961
7317003096464
8468027024529
4287580044302
3774071642876
483662795603
9993716528656
6099312124897
1658741506904
115455366765
5397517975192
9614282856958
9689914972954
4923986944941
8576686254692
7520884783086
397201717343
9948826238976
1393328598504
2015993900449
4505292428451
8237658107088
17922766797
5262662856655
9853797860594
8692043807733
9971252437441
4747561509943
1534311632670
4159809330843
3174340805474
2015993900449
7008217255511
5840773607506
4398046511104
9090738042202
3706126074627
3553387086514
3419405429639
8011718357693
3281974105315
4742901234851
5116642320696
3063133074328
3544930609419
9294114390625
2493593500038
6137418801415
9698187882297
7094608063026
9456222757074
7700763139582
4757549529339
5733977178060
5494822756955
9535358861086
3895299915473
2541865828329
9623745115678
8309227685536
5364745007204
7024271295417
5525487384706
8606545452777
7035864016562
6378337167772
1959353337827
365765615404
2599834280646
8274690154659
1882782040322
8417670791830
2305588002959
4602272963938
2944946934381
1327005091519
3548065862136
5027387224817
5380602809306
5748383536441
17179869184
2117251327917
3010902477898
2015993900449
549755813888
3902520421489
2274799528202
6870867816898
78364164096
2551938427103
9347728616416
3613640340043
7656395420484
1700328203277
7417787494588
7978214025468
608956488104
9332599118292
2685450307147
1001816012157
8366645252934
9502268323850
7372343505526
5552326988802
4474977072496
5920588931374
7377918480221
4872079892798
1225079025328
5519290013293
9535671721073
7213231550475
9199352520710
3133080537287
6587475821674
9901703560227
1484531700981
7378855393195
219594647180
5425366879609
2791429573277
1414487368674
171124633303
1030658686653
6160874686233
2936250361440
4075467477554
2830203703105
9948826238976
470906734290
8417640447409
6046272993139
7232307056325
258435029045
3627658514521
6325311615296
540402038666
826991083205
9241541301723
6138291951932
9601786488577
2842996915281
682886390491
8916100448256
8716184322126
5198679676492
5398628129237
6740007770070
9692051001200
3994425529391
2614259804023
4318302895730
1907607674409
2961789954116
7946104043550
7244253179863
2006696880699
678223072849
2866991362407
7825061360697
4285853293396
8729709707788
1842926167423
2881407306142
6131066257801
1697448016687
1390545452263
6764248993886
1295249860228
4720157426774
8526389049560
5508774299976
7062990986347
288357342164
1001017062548
1446180091485
6149345480153
9938076899264
3965182911360
6052517609956
6578000059226
2015993900449
6207801550570
1708906935580
1485277643100
6343877577909
2541865828329
1298352609145
6562112973866
982035019969
8111847227428
3554520282695
9067375102634
4797346664003
516019754998
6921094744018
9332798104869
938446176972
9685440088620
3600184935794
8952315018645
7354021401737
1178415566139
4956621018180
17179869184
2649853014537
1466912595858
5047757409830
9096573224022
3026383872889
3805508850310
2285644165009
6470697840346
4720576657452
8821343477641
5639161637220
5494750152379
1598358408458
318984730507
6030338296299
619947284527
6179702348871
5270873591535
594867338619
1105137605888
8055689942827
3679450878646
5378780585787
8550986578849
6065469328866
6937896040310
1745111947410
4678222583886
2699445621573
7962944156502
696403871130
3524722139881
9446553199456
3763492840507
4891114461923
6763620815661
5272001113457
2015993900449
2294518081387
8539454514374
1201702127423
6117353252601
3848412536195
9926437890625
9120038769395
6966495905697
3074772047648
9904087349776
3137138848073
7489815206293
2642653494710
2139980856266
1786024401544
8201119162092
17179869184
3699667846405
1190107513347
1046634416018
3851090801182
5231447137406
9685390482496
4863417363138
31381059609
7759146492451
2770378499148
8909988679669
1418113956998
2512524827018
8642796739301
3159773448871
1346936704498
9598695230936
9591736736443
9993716528656
1994719385544
4010146338485
2335437114476
4698821309716
537887417595
4723346241218
7368168435523
6898314061066
7630025384435
6844915036140
3358751230159
5521332341253
7029903751756
5397555794807
6668292997357
304018761431
2877463583758
7155137005068
694329063797
3457680324208
8550986578849
3201506775911
682756590977
3781127654140
9135378635026
7893760841384
8728081009175
1387368421878
8094125621840
4792537200270
3681690778110
7552108715040
8381914010328
3733419769928
1557351513076
7781245769833
9528142686466
8161152652767
4648146288949
4512080575665
5173339971991
4103121275985
2706422501611
2069245439131
9505521749679
678223072849
5094004464564
4693891641363
5503442433250
9085907590372
8903815101612
4502910699577
9926437890625
1568896037163
4377155328788
3139443300881
9993716528656
6171564267433
9524385476035
7238614431275
5749419561316
8198418170944
5842258576146
4976654057470
8454460672356
9129653331145
9060318858171
5907671685939
6894338360511
31381059609
6393302381824
9231864517009
4398046511104
5719468764295
4351637120789
6893903098742
6193531997036
2443269977650
9233714212486
5484739917351
9251192554356
6717436290383
9018713188061
9261726163805
6714854267932
2700512336322
2541865828329
2183037847950
1449538913479
7495048726035
4639378185221
7537510824300
4314691979688
1910484537378
9971252437441
2479201253835
8908300998892
8306410678086
1973434404021
239429112562
9640753360044
9656110667198
1029263048767
7655989509895
100238445352
4177666710619
9685390482496
4747561509943
4267141430348
376773391109
9579289648802
1237355996981
7436878453218
2325159444874
34359738368
3423129159836
4782697186570
9475066255728
7690293931544
7846115581722
8252169547875
4097442719769
2769460867240
3748231317829
5903901097378
2476655150801
1473560824578
4371562373950
6092308747427
3626570954433
7876141215991
6631299963429
3474376515928
4431004137232
31381059609
4369270775904
9574191529552
6808783532039
4313646854219
2113595572040
9504106578460
9035038571740
8909461420841
5204443594338
1099511627776
6163630122311
2184678555848
4555110976013
7787866053989
1288262523377
208547658588
7699112737174
9993716528656
1233743394884
6151873616035
3029897444351
1957876499071
9754931834621
3723812589115
4398046511104
3518584618275
6813449031045
9472644056186
5813213940733
645745730382
4356224282919
3414283226158
9657108643063
8136913209275
8699851097542
2558497323514
2348261300499
549755813888
7591253768979
2109387182911
9049060388957
9944087860248
5153002672106
361921905801
4752522732457
9926437890625
261024109852
9769020054618
9098462060648
6474857996554
9993716528656
2586085905926
5905293575377
2149393162043
8689283749031
5340804279462
1448826034756
1707904008068
8399115866237
7614789949618
6782244331656
3902408315047
4254829990944
2002665763622
6542827380313
3474951249202
8964657615888
4575843070815
5675113920570
5833052905049
6190695527991
1916481667884
3192560772966
8724333476094
779852205338
9926437890625
9566780298518
2630519717861
2822304767414
4954575285686
4048708035331
9993716528656
1621363437877
3116857331139
1534195318534
3836530996152
1247321300178
2961846255076
3776870054101
9462328077203
3527654650675
3534994963541
8986027626202
4076088250415
6258253601347
4705297659296
6890130116048
488030641565
6271607015508
678223072849
7259668982866
4784704188676
1736184672365
6362879305401
9757963522259
9294114390625
9948826238976
1926271897734
1145686427950
4522273394744
2302126765229
179987013355
7078769273987
102157859245
4747561509943
3562367519439
5729179861011
3962886769330
9685390482496
992591874249
4710539190944
3164435207418
7405754214574
8133167403483
9217244400296
9335828712994
1697510285054
1961643640321
3911431226086
34359738368
906172079722
6219857244012
9292772694293
4416067326169
433201888161
6078421293966
4906080759657
5170575063531
1647079622770
4183272179760
7214527085845
156241126694
2417821856404
3516802685601
7475862878815
2132993607960
31381059609
1863830706685
4923866282249
5577845439187
69883256977
8077367512930
5192371790800
5808695027356
5438418132617
9055980981379
7495560428651
6747067142726
4605844802584
1099511627776
5435614790368
8687539290154
4915861148776
9405803388730
2609951687629
5546306545896
5074514249501
9070894582756
3057975907253
1817924091144
3901887937850
1197492632446
7386570145405
6239174753173
3570467226624
520911157112
934708157872
3366467957403
136699616531
2781220386829
5323801609727
9453921072107
9856459853659
7542127369316
9525791553927
5171423173641
203674441585
9685390482496
8916100448256
2357249347207
6800950918215
4629808799949
7319468536411
379366810932
1362919225053
5035557750118
3296801985075
7646103576494
4858700895429
2617381841991
7498293980393
9871435911211
3914189386498
3089029886235
397545219068
7974724384749
7932785326170
5323944782012
9021064298081
9216539034185
4557071720585
3160078982
7738744256339
2934756071986
5273899359077
1383679090320
772077464379
5357290483095
3511523924085
4188691906871
1757241293247
9024825442491
7545174440622
2182615141718
450672321557
1825538402652
5440672508427
5783932893082
9658149157344
9946881168246
3497629540492
8528602930275
6131066257801
8178029017245
6562887410970
4194304
1653889058496
7886302293561
6131066257801
28377918778
4944322523261
4398046511104
4701369549610
4096716237337
1129322518851
4889220649941
9668899941932
1409370144365
3057832051682
2354390126548
7612381959974
4520799406285
7962947100703
4079192210520
992673493512
3666891053594
3403649093539
3545089269994
5013231338535
7411409704227
688241378358
549755813888
861143564084
9361640071640
4624214440756
3007824682751
2655925143399
1114002556445
9926437890625
8978203353307
1184092843963
4806271145237
5471282965989
8452182829952
1039796657863
9731519886485
7784582760161
8038025331025
1661639085798
3637381185334
4080802609507
8239881787300
6181283620349
544910536817
9294114390625
1215056564976
9181275740402
264662745232
865602436395
5527349759410
8534396514968
8001676241861
4244529404804
3742227760301
9524656188827
3335448769106
9847880537686
8758897331494
4194304
6386725054465
3672038205486
5804722242759
8589934592
2383910774555
3160687370471
7661836590301
3318139044965
7763354545655
4022959711159
9948826238976
78364164096
9453040514318
4398046511104
5231191789214
1236807554628
5138714731119
4076088285925
10460353203
4298986289357
71166610153
3330911888577
8550986578849
7520794280823
7030477848337
4009637925888
1749756131569
413767187693
9507701034772
3485569804633
490485100978
1660787678402
9610392949758
31381059609
7872817663730
4867318994460
5833811453467
1793114248035
8916725762368
4942208865301
9647664062881
3810649884770
7181712092809
9927259677929
314278304316
2381947337343
17179869184
8370700191598
8490549197494
849450236948
2840642915638
6456102812541
6371303258085
6769762019332
299396958994
2736562147879
2798508817099
4477070423384
5083772402812
7808886665366
7576801500425
10460353203
2361090608452
2167219322488
2358302295231
2070180871006
7348400659992
6548527052850
6287426660162
4450332199006
6203697915189
9964722775759
8396979308546
5021836474013
371747298489
10460353203
2746525654310
8947075776143
5670547146060
7599514901883
5978625330201
2954341800896
3490741106770
7419873915344
6215931135695
3765382754738
4146479800114
6395818848515
405078643465
7511128741195
4687816720233
5046683563797
1099511627776
7916987336457
8838041929911
5201867279748
8198418170944
1627895074565
6350786832896
3983306407639
5009387409077
8602076313722
2417448277071
5519163634755
918976443433
5474551798005
7070684481751
5672780231097
9827637093471
5520339004819
8349755459564
4600604838660
4079855585185
8722817969513
9287153452350
2728513399103
5283048161986
3342481411484
8519733531546
1828066138856
6458083648134
1683275958111
8642092206866
8198418170944
8653703056636
9114283691419
1299409085040
5944003575966
3214926577965
6294259908300
3668619130203
7687917272283
2260239191819
9551485734610
1590442831318
935062365698
3742545658207
8711680572562
1321589568298
7037752759284
6701544647695
4095066097926
7397277072316
335189316003
3825462998852
304792549204
8038882923422
8550986578849
1450341195884
8331403290793
6272401755515
8625968797460
7857673709518
6715205157861
2353609040659
228702870630
834751495935
5307578644057
9953545101660
7139530311405
4141403209842
4947056570846
8643181710647
2487197135971
3483849862077
65924733040
6837127279311
69726038175
2299612029996
34359738368
9656207761760
2320379368196
4443078796426
7255293705205
4090873650153
7185601030842
5798917664541
992161103794
34359738368
1999554567246
8661630716707
928654617603
4897337807035
4307365552231
2352097809341
1510622693202
8286641199693
9356233292477
3331320966673
8609980730152
2263363742251
3975939667171
3836276725918
2461658718973
6090593979471
2559839082816
2764911894605
8008556217041
7770561478113
17179869184
7190585391197
1512143746536
8589934592
6659675212085
1177025119660
2803229161948
2700709507430
8671051605069
3442919718675
6600145701390
1058743392938
5346402794044
2033575089232
3403096969474
6774521471728
2695504651766
9715276850405
4421688306484
801106096591
6385625588171
9971252437441
4637497148631
6526461079342
4272429409246
734060157941
5762564163068
4041676934707
9354523055514
3660215981989
9274937935999
701379295815
5527352453958
4635713334109
6538431572627
3595583618344
5915132520647
4310253265967
9308468335474
7048499477028
8850138653617
8159372751613
6815773871120
7674325136480
584191391279
6637450758178
8921918266745
2732084891931
9235937691546
2135762607703
2173234656455
9067195015795
8185642343144
5609453540505
8589934592
9100104848920
2792944655753
7985118753631
549755813888
666941007808
4274070441986
5484508952250
34359738368
4547613900862
9464801479849
6103666278970
5528672826675
7614526210453
7154268287824
1468167801410
3412537141163
1192893015950
6801912913183
3066962857641
5610573362372
6030828573004
3307909320860
5268726087265
6006132131889
9313020806182
8553120707974
9120560686438
130127366417
3116920772923
549755813888
188284103094
4033175756719
34359738368
4845860569524
4194304
6159251108007
5999871128988
6229434984747
209265967641
10460353203
2437741514311
4786480045505
678223072849
4302698314500
6602847662013
642366502418
7203572804298
4293422006229
7271402662692
8838334524778
9993716528656
940427466821
6184787309493
9246582793263
3276332836996
7280790688445
426877610673
8666946326763
8916100448256
3817806763467
8196395210014
8068933625976
4609576968792
4991402792660
7540606128174
17179869184
508649681734
7846227078159
926412204132
8926988187609
4770277884293
9061711745376
9335686015941
6131066257801
177188699850
8820441019074
7474376257722
524282932766
3599748763252
8740848531613
6119900897389
9993716528656
8154291972350
8501401538172
8045236428400
1498112167240
9218704141439
7831548296492
5233474735198
7880442758436
1010994908291
736600000785
2890143934821
9926437890625
2362195683344
3582528700431
4129444598336
2530027822961
8421877307096
1238499109082
5152018246915
2546858902523
1426815299502
885720086095
6772707878105
1615529074834
6532627589868
1593507728926
8931259334871
3398880444384
8665453505417
4016963752515
3709410354064
5309975140517
3811553304872
2915093035304
2470330814919
7351902875316
3058361375632
6679911498681
5307542152053
5935902654566
8550986578849
4014048957324
6207970455723
2288261453377
8761418165444
2388270069626
5802384783041
975750546658
4043021420251
6650106485672
678223072849
3501123214453
6131066257801
3400375355279
4302061804886
4806918291475
9446613274477
1315208238630
6171923520445
1746206208953
7251598306977
8753450162576
9949755779840
2912710852174
7017811330013
5128808475747
1865834441656
5953781077370
962660708281
3182278336062
3649536652634
3956437919598
5797541416877
4882683646676
9293370768210
8486855304792
5862173072444
8242552616419
3563459584185
2917872797987
5655867130686
78364164096
4747561509943
8621586818344
3039637847209
19719050572
1141317923129
8042998215003
5965093269419
4841994335441
7869500125822
3719802323454
9990403371801
5644606885329
5227947017355
7634852695081
2238645165604
8008829143437
4217478584626
4762713820431
9966682682839
7083971519467
1079000318715
874254729097
3045051717977
1846640244697
6168742188462
7645359912085
5007181183379
4236505117771
7114184752469
7912432372353
2770559400595
8757042977871
1208355887644
6512074498223
3169388693907
78364164096
9358874182930
5839863275975
6131066257801
4478883084068
941340975399
5135208072982
5873949562493
2082971009567
7900928981962
6352275628267
5915665902631
9420460682641
678223072849
7039529800966
8487003732590
546376806153
6990235746664
2228819459157
6880141485199
8589934592
9993716528656
5058266087675
6024912686510
703188230939
9465664804534
9468143541698
3103411367943
4475750324747
8246073946330
8422601032770
2472067273326
4992873872428
2883816273775
3839659207673
1569576522785
3498351298399
5114769367397
408028828263
7105641744508
6517499234657
1235007091390
4071021555452
1628368831968
1487450568740
9573737157365
5825506186898
617678334298
6259196994366
1321994658555
7994680803016
5939275395571
6134484486235
8351087295314
5729532221309
9456653831760
2780395253547
9993716528656
6893535285664
1397769602926
8453137815418
5346958468852
7857327842256
9858802456283
8211237403104
5393904590181
8550986578849
7696184652033
3174832865954
9818162171966
3364040645106
1960994203382
7440283908350
867473609735
3771453145228
1127351899946
2353686987385
8473777453181
9948826238976
4151706483263
3334308593574
4311255896880
7206614146767
7950076595301
5273686832544
4133354113705
6737670154603
5406698792135
9388947259586
8487045658375
4910303540768
4086125352755
6257983611520
436895705674
2714278183906
2931432602546
678223072849
5128519985507
1099511627776
2070649614917
9459334642460
2884014795013
7335707373972
5197931779597
3140253912767
92423273051
4939716102231
3021811750870
1130400112610
9904087349776
1862854819041
6649975815064
5643311802307
5645691578313
6425930897227
2356827475004
7624643549867
9970854805190
9987748627986
7973334584138
5459944129934
4235621948255
8259170069324
8450147419133
1099511627776
9814023421058
9658060346860
1289983156851
7747904372256
8252882497971
4624657425099
4190260312504
67108864
5785309441161
4566992867233
7926830794017
6954682694967
2403465233019
3966849690677
8349150220396
215354895609
8232983552173
4398046511104
9104118231691
480141308035
5984712091523
598560489641
9485841049711
2651434967393
8198418170944
1031744557223
1618568278535
6280717020825
1424268292962
5334532102860
1459051197717
4194304
1253099863463
9993716528656
4172012387104
3731533550753
2062312484339
7220724754210
2339165908574
2077404602923
4267146106007
4387296813088
4324731521211
630130895399
3983220239033
7139450034652
9388210089768
5180023964379
113932262843
3532291648972
9719769927470
8458243524024
5009912782606
5785870905108
9895411567037
10460353203
6039529663594
6665004104824
6761900767765
230713318139
3546459860559
4118497528633
6968474994933
6592218615814
4747561509943
8211869415327
2398696865211
1202831145696
78364164096
64330121215
5539673168773
9532084510560
1576211581794
6131066257801
389685124111
1687687457147
3561470864545
977816249581
6846815634306
3570467226624
8610372398784
198034769233
34359738368
2326139705501
8836428928372
1179999877265
9293419072516
9128719564714
3271161456207
6312666396920
3904249200452
9149044932058
4602473053265
5030267326678
8055689940919
3866709524741
9682679920762
8673562078018
9247962159580
4392914577030
2951061999429
7935933418397
4812003798349
7922222286889
755380269890
6647736156078
3006608301491
2015993900449
9582481760532
7575646157276
7514977794491
3367496199402
6725112021330
2125113253242
1295109943995
2814644639637
5158746403472
4039077472641
2401028628151
369608208076
625805602387
3161603971367
8961109803797
9993716528656
9403977748051
2776941406282
9556745092560
3204121304070
6217886640006
9294114390625
1908479737793
5377630432490
5258089538347
7481280668310
8293613241056
3307171056277
1241408237646
3972674932150
34359738368
8725360478662
47204340077
6161424033647
9229730708444
3406287811622
9528591692794
1168620734276
2775553669250
8655181200484
7702598682837
1371955181748
156588293324
5855878968729
9971252437441
3755151575516
8883579729605
6048577205469
9516129080635
441250263594
4177724376608
1939627489989
8178514275099
61210764451
67108864
5101990115113
5330505385101
7896066405399
8974041088482
7625317937125
8272942070203
1975121281273
7675518143495
6577369216604
5994692460813
4705163913165
1787698828246
1196266312382
9971252437441
17179869184
7465092080303
5731545134336
3546530377141
2988990245730
9566172849209
3584649692370
3625519485953
2204413450067
4555609647507
5186580604056
493157894048
81162565806
5782686512501
6251593678291
7467865293464
8916100448256
4899161616993
4225612661418
4204662481894
7420328890622
502157616377
9622595294490
9251476960945
4197460519433
3020165743964
7366523093200
3607261458733
3570467226624
5735458115719
7443217815867
5002019066918
6131066257801
9281260608345
6567924670024
2258786507124
7080317906174
7116089738517
9171377489669
2369471439050
9763107615435
6757072272619
2522510793823
8410609922823
800627190923
8533105284659
8162825763294
82106625316
4747561509943
787898667229
1652718883643
678223072849
1689164592502
3348335673936
3693333388092
5339164771316
9744257533657
8611965795970
9948826238976
397452255103
2855315042796
3907409529086
181245645607
2541865828329
9159317905743
6906620523924
8505017236403
1302428939753
7121728169883
5649756153105
7256618424923
1840262833756
9926437890625
4707878559092
3957356614212
5599398943972
525107350703
9948826238976
3277064863908
9971252437441
3712305110904
9014960125387
7396035019668
9001328690425
9066327408215
844420802004
1488931179649
6078646551206
34359738368
3862841561461
549755813888
2676295630735
7425800673581
4370621378880
8198418170944
3231265088213
6330942342438
4398046511104
9316788544446
687164864465
3570467226624
1202607287805
4194304
7246782389887
5215945954070
3680402413350
7057311098704
3703677727287
5517287652526
5514796526657
4485804956790
8392866405021
703774207391
1183115979885
7799141549431
9276610511357
5207160487824
8218420810574
5218450234398
9647446746174
549755813888
4831249557221
3913594564464
2015993900449
7557221985112
4744277007648
800290097870
1131164523448
3349242225682
1802000729478
7785851152584
3312529091777
7888133884487
9860865310817
4551823887513
9596651702871
8788745963975
3269687822741
9885818100632
734295709803
6569733916999
4461808536538
437233294570
1020111624238
2238779046861
8695010005272
1969730092642
240458886422
67108864
3618081789546
4168491419453
730961428922
9311679236596
8185612334648
4564588445139
1712235647189
9538983329710
2997751563639
308285173450
4126423857277
8149260361220
7013299628480
222747170419
3870366705584
9690292795856
2883921262277
4681481612589
7813742538566
1020236846166
7075975094895
5610606964753
2541865828329
2366412427936
750158296002
6338392045032
7743460885521
2161761171128
8889790265358
7629845889604
5980719088752
9330080402134
6825182149367
8916100448256
2323612573943
9029100581408
1126414243031
8683396945361
4535191563943
8232854672607
983129041399
10460353203
5174112030214
17179869184
3642527933379
8890508369443
2541865828329
2015993900449
9229514789178
4398046511104
1342614838174
4451675058432
1474141269529
9006112330837
2100213604500
8129684355063
8453480751823
2082377706756
9532622131944
1133903764701
9433213623393
7403567814992
4484287258771
678223072849
2268554988482
9670909054563
7136325373521
6211384641569
757925530073
404398007453
8369371983335
640800892857
9867882657707
2663004876987
10460353203
4440932702588
5260767136490
9452529283118
7485776834242
4344133237288
3953184441099
7191859523540
3342257268077
6747565684806
8478341467835
5971818279080
8858262919476
6214858698186
6809422025862
4478475127072
6005394060826
9605752870226
4067201584980
4747797727201
6381979611180
8637262642937
6636245860209
2263635667786
8841959682412
8123051053494
2502079127526
6081953360129
2477701526784
2161083242655
7201252538358
1125152048953
6668835450149
6072983988298
8509003241473
5162147950960
1819413864857
4380227915368
3578937809396
8652839078451
8850850161587
9993716528656
8897593487958
7589048529243
31381059609
1586343516603
1305350163874
8482980304485
7263644664706
3296423003655
6093928675647
8236869563165
740968551009
4723404917608
5063186270290
9239659288699
6394003078353
3299385100383
8859874292989
4412977091555
9890000228991
9207174358603
8172397627428
4940121969678
7000397176966
5978297185809
2645311344187
6131066257801
7500891420114
3062416012338
4314119993632
6764239218816
4247905891627
6835022932990
17179869184
1892461442487
5696173644853
429704579081
6207245205102
6101057815573
8196176753857
9566284199072
3833401943323
4747561509943
549755813888
1730056619690
8555808695361
1030102975970
6664003043543
3993600887783
1244296037654
6835906494917
4188793587004
7544964678114
5299230728373
5325567357469
4565952569003
2810124468126
3206792214102
9354999647962
1996135088116
2955605840594
6586856823413
4720745592756
9654020211292
8313944151337
1186727297866
1589023142450
7188889613785
768557672406
2819966624045
3687281890779
9868856622634
34359738368
8582104333519
8911297486274
5380993758777
4099412514526
1054777495696
5565042344693
7143520897877
6978623818936
3702152323489
7395117520990
2015993900449
9230728973641
5743731042222
8513111454440
8288763325723
9904087349776
1226534992057
6402584933125
5985329819012
7558185025626
4934243647069
2826530432424
17179869184
1344411814775
678223072849
5073271746413
158862239885
5916973976731
535746076160
6977322154698
9993716528656
716488510104
4878294132782
6325653331338
8666774880903
4401400010998
8575546644480
3165761502492
7692801066338
9948826238976
3574086025924
8802118119027
3397205903167
3308732035935
5812036041398
4976839042568
6564530019066
4815706588950
8482367539726
9852104927755
6814447596657
611601023204
33725446703
1696109793241
4212716294924
9477266547986
1178057969396
1029542481190
108453093235
5830490470156
197155112689
2932836686336
9702604486821
4366374184527
8357225505930
1680971285801
3779363829115
1238650663165
2061731870648
9031375479976
7075237900650
9458074791753
2667641554258
7902027471822
9803562934912
820604695360
67108864
737236453913
1774499256596
6445176560287
1426471659188
9667322386486
3570467226624
1178257140318
3831624015295
6768647182361
9200630761131
2085852006949
9566303135038
1055567562305
8077282983433
6715756608168
4894520593074
5241955340019
9014150893782
2936332639915
1988307296525
5724061517863
1205675154041
8554189197323
6667276105784
549755813888
31381059609
5922078669577
7451012249371
7661983923334
3296179043660
1300069111657
2699992323293
9860261062982
6080736542963
8699600871633
8023548262542
4372797971333
908105303835
1801223479495
5182324524795
256784825881
3037801060707
2477197808196
9120164210825
860106099344
9537055458830
5279900220149
9891263087652
5678280366636
4368111356371
131629553262
3834494973067
246297583122
9286020348165
395216499592
5465778814368
6115708329377
7235258489729
928692647545
1234650360017
2868922887109
7494476035717
7090414287642
6208179022295
7393977529450
8081845343726
1617311189945
6618542989435
9187510167219
1399923723922
7799791014613
6188338691042
8786226089652
7753199103018
6330381720152
5219925514958
4593778021713
6453862361466
5562431229890
3359477178965
8783702703912
3209959377421
1648973857314
9659486716207
2668165812764
9065238253703
7164006248048
470911366454
2898904357209
392198868011
6319003902513
6034211174998
2183065697067
9349531175280
6978231795311
9883414769487
5614514010788
8982639239250
6561356475318
416921079777
78364164096
8848922547980
732376117642
9310207015105
6905531318650
5334972791143
3981760888746
8864768240816
4369935448029
89528966651
8812902834654
1819196375959
851838304664
7461521212732
2225046072969
1505160341403
4194304
6855822641407
4403455099816
8248988949940
5396749473436
7742986358195
3965957915692
3592325430584
680304993297
4126797049923
1438524639014
4470417260177
8678580859178
5537280341387
695890901205
8885162437132
1393004309086
4508028158640
7202633679275
488825719758
8010968474328
936351935922
7693731041548
6789134896514
7713281817947
5201005539594
2320352666161
8643866334498
9993716528656
3035704403005
148621586008
2406096190392
7537214200007
4711944891324
4138011035838
8345340775849
747680792545
2614225268350
9475028780023
4747561509943
6853387114497
4534992432700
7362814784089
9926437890625
843225752386
416671469950
950293626776
12005053386
31381059609
4405845636501
4587218066400
1058019847440
3142814826529
755663438956
9971252437441
2511952676038
3553102390593
711735614144
2085887532047
513145978988
7235706313112
9526674507757
8577079031080
1513621756801
5491763976779
9042019629686
2328079480326
601699582080
5133324642259
3577229155421
8739944852683
7317804281006
154805459052
8212438877836
6714626248940
230282803049
2240517369956
4099136773343
4753437418256
7509971039776
6599200013854
8337026580877
5822019490015
78245220733
6823091171283
3662380005561
5398691538962
5989941600542
4949061451344
9880875069048
31381059609
5647657518461
507528742583
8333281792753
2883562382961
9797706053101
3909093231199
9698656344861
7089924825898
8661174660008
5198069277623
2820193255489
9870387043375
1218511795973
4855222952497
217990594302
2482277361019
7481658389688
7276435259431
8832787296121
1384125490280
9409816054248
6540380065528
9825629764615
1801602502502
2465150004525
5567899070048
7970619624452
2541865828329
5611903470833
2046831373321
4808858149121
765429905601
9971252437441
8442193708619
8605892722368
8550986578849
5205454642559
9926437890625
3783333267572
9685390482496
1466959765720
9051416289151
6273145955446
1313422834218
9294114390625
259634104638
5418540699002
3167267579821
6287212939248
7313192638065
51273714218
7123188614935
8628454198308
9511978988476
6921232577969
8215202425083
3513530513169
9087478684841
9948826238976
7585826166996
8683436018941
8831002732652
4831299367406
2827492748418
7202817564249
3745102306234
31381059609
78364164096
8342669802064
752755777310
1274155145651
6834821888205
8895523260119
2703046861808
4185618993894
3798296204267
4475372945018
1887661062906
4810672195092
7205906228866
7916702710366
8313588492210
1653728272144
2075829452693
105169702052
3103819058491
488988426566
5332528210232
4431925330966
1222210934660
9290678648318
2621129525097
870483240846
8916100448256
5005413727051
9451395264344
9476296396446
1864706880055
8260973642040
6777950502257
6891781271219
6967764228643
8069519643662
4137938605714
6018523846138
2627580199838
5660514917905
4176674523163
737599037813
678223072849
34359738368
6851300752135
9021590725141
3297734382661
6575997886620
5989216663680
6835013878989
3538366986940
5133930818535
2685564182465
9861065743336
5802127120074
4747561509943
3018052116155
9993716528656
2103198848704
8018322255412
3384461006380
4044502511751
984362329013
8030879127088
2203692426208
7355463840311
9787760033231
4194304
6664678523305
1293340290517
6751229240354
7164526517997
5115059847923
9849666345945
8794545170257
81210964016
9294114390625
2339174106380
2792776937361
1438585681294
6996392474500
4620295830152
5293766578265
2230582409272
5020742627400
8959312147361
4542227494067
7372218963433
6131066257801
5989860937102
1503773462474
4999941238287
6637491733864
1196725285039
1560143921384
1618627632852
78364164096
488008742695
224659347688
841842908607
8785583695817
6131066257801
6514594796651
3605797298014
1282144874845
3506561772543
8988514238238
6594593033228
2968080961697
4477337093759
726354670059
4719644297284
107289246141
9796287680408
1707827388953
9206688881247
1629645065296
5766386362396
361009458386
3903775912557
8272154463035
9499364548519
4389084354713
4800855796468
585285806663
1598834749345
9532426121262
5083709513004
402748296316
1086189342050
3875821274507
5283459108586
7017349952140
7612756750495
9396770381595
1021485992680
660065007476
4721143207819
9820548091739
4307537018349
7961328436341
5647449287814
618410064611
1809975180344
6779911648768
6883553847944
9229121856688
6906502356183
7974023892823
9726622997920
4120166329930
5767439219979
222700294895
3338522224872
6619410234755
682147318567
2700604952926
1688051225900
8092387317813
2084144402336
5017571778200
663990940976
3394446817083
5720090797198
4337054964541
9474064006143
4348598900789
5839423175531
2511910070418
9629820072318
5181070216672
4680901049307
8550986578849
9926437890625
1405365094891
4941924956463
8896258803819
3984928479986
9690012621753
3827031441903
2932604408876
87008733531
7125159990772
6857092748128
7420553843278
5357751447946
3663096527023
3551546501524
9294114390625
4629475424471
8724755630362
1235419717968
9720352362707
9971252437441
8825737086622
2349369969276
4501282823557
9864333741676
8487397340746
6673736277699
34359738368
7703997850855
9693717637394
214587826451
80909636174
6131066257801
8140142113059
597114729719
7790363073619
1260872122109
5428140588613
1346052579159
1246749094620
4773319211510
3631835167865
624715610748
3213070314969
6461454847032
7687339356603
9847537002359
9294114390625
4695162352365
2470441257825
3130892258130
7330664063147
9632293538717
629026272855
3942544028032
9294114390625
1987857248102
1298668525940
9993716528656
6745356856909
5259998764148
1109598152818
34100451367
9464585984688
6610910063352
5718121650217
5545030349986
8589934592
3573411576821
1426695359422
3823836378705
31381059609
6637825798352
7093493182913
4721819806773
4671961708491
9345616235305
2193121941884
2247673897111
3552656097881
4473053480695
4584411483351
6100346463352
9255668746043
9948826238976
1531016844115
67108864
7679115821904
177285916559
3677404844194
2646893882621
7334195413965
1229475060501
3581232577222
2939858119138
7795149575411
8124000680368
8793802054008
4542332416555
9637880310462
8916100448256
2556774896737
1119818946612
4982042071315
5890581715062
4189899576132
8742834834601
17179869184
6120206618825
4117649930808
9047107483747
196947130140
462600616885
4437965423275
31381059609
2756015825900
2324192757805
8876585813799
8898349736500
6936670927618
517169510525
9310439591072
5507751970806
6099798159941
8178722242749
1366803268278
9748033349488
1691996230857
6831788831722
5657563491768
7450507379532
34359738368
6326996449945
2899556668872
9968525844046
7293079999949
8033036415603
9993716528656
2617815618492
2627628355662
6092412259836
1222058748053
1976351660914
9495701967497
6651661920485
8198418170944
1167187747838
9381417792889
5391033572472
5161564359113
9708913921887
1757600722619
6667423568584
8712621057255
2214484697224
3163443563116
17179869184
7613684585394
10460353203
4192755321590
3121114388742
316548869227
67108864
4611328510452
4097002027670
623415952048
2056830047596
8287719953878
9528780989030
1738412483174
2683814715820
3818204596124
1592463461560
7910964796017
3339924410372
6862639950450
5096720933592
2881922198796
78364164096
3774875525064
689053086917
3761772654022
2564629469368
97066388780
2613216383324
6599421903978
7827070013348
7431754685464
8990480307800
678223072849
1202683533224
6186222704963
7121445222227
9993716528656
2994061167102
1275360268846
9957330369627
5434769337023
8758385983871
2892304710326
216672579855
6454311367794
8569899311399
7503164463522
2926803328731
5739218088267
8919955246724
7109652507920
6454799342362
3282568491808
257636090519
4262634115142
4253589921315
4404885515396
3688478996344
1308120449994
5633914908088
3555532307350
9458561585637
8677188627016
1562928404411
5005030248958
8285858613284
9866576692224
5200814942082
10000000000000
